 1  0  8  3  3  1  1  1  1  1  1  64  7  7  2  2  32  7  7  2  2 1448 
 1  0  8  3  3  1  1  1  1  1  1  64  14  14  2  2  32  14  14  2  2 2829 
 1  0  8  3  3  1  1  1  1  1  1  64  28  28  2  2  32  28  28  2  2 6416 
 1  0  8  3  3  1  1  1  1  1  1  64  56  56  2  2  32  56  56  2  2 19133 
 1  0  8  3  3  1  1  1  1  1  1  64  112  112  2  2  32  112  112  2  2 69017 
 1  0  8  3  3  1  1  1  1  1  1  32  7  7  2  2  32  7  7  2  2 1411 
 1  0  8  3  3  1  1  1  1  1  1  32  14  14  2  2  32  14  14  2  2 2781 
 1  0  8  3  3  1  1  1  1  1  1  32  28  28  2  2  32  28  28  2  2 6301 
 1  0  8  3  3  1  1  1  1  1  1  32  56  56  2  2  32  56  56  2  2 18862 
 1  0  8  3  3  1  1  1  1  1  1  32  112  112  2  2  32  112  112  2  2 68107 
 1  0  8  3  3  1  1  1  1  1  1  24  7  7  2  2  32  7  7  2  2 1434 
 1  0  8  3  3  1  1  1  1  1  1  24  14  14  2  2  32  14  14  2  2 2812 
 1  0  8  3  3  1  1  1  1  1  1  24  28  28  2  2  32  28  28  2  2 6373 
 1  0  8  3  3  1  1  1  1  1  1  24  56  56  2  2  32  56  56  2  2 19022 
 1  0  8  3  3  1  1  1  1  1  1  24  112  112  2  2  32  112  112  2  2 68284 
 1  0  8  3  3  1  1  1  1  1  1  48  7  7  2  2  32  7  7  2  2 1449 
 1  0  8  3  3  1  1  1  1  1  1  48  14  14  2  2  32  14  14  2  2 2831 
 1  0  8  3  3  1  1  1  1  1  1  48  28  28  2  2  32  28  28  2  2 6416 
 1  0  8  3  3  1  1  1  1  1  1  48  56  56  2  2  32  56  56  2  2 19138 
 1  0  8  3  3  1  1  1  1  1  1  48  112  112  2  2  32  112  112  2  2 68991 
 1  0  8  3  3  1  1  1  1  1  1  64  9  9  2  2  32  9  9  2  2 1845 
 1  0  8  3  3  1  1  1  1  1  1  64  32  22  2  2  32  32  22  2  2 6379 
 1  0  8  3  3  1  1  1  1  1  1  64  36  22  2  2  32  36  22  2  2 6929 
 1  0  8  3  3  1  1  1  1  1  1  64  32  16  2  2  32  32  16  2  2 5099 
 1  0  8  3  3  1  1  1  1  1  1  64  64  64  2  2  32  64  64  2  2 22089 
 1  0  8  3  3  1  1  1  1  1  1  64  70  64  2  2  32  70  64  2  2 25162 
 1  0  8  3  3  1  1  1  1  1  1  64  70  60  2  2  32  70  60  2  2 24373 
 1  0  8  3  3  1  1  1  1  1  1  64  64  60  2  2  32  64  60  2  2 21964 
 1  0  8  3  3  2  2  1  1  1  1  64  7  7  2  2  32  4  4  2  2 904 
 1  0  8  3  3  2  2  1  1  1  1  64  14  14  2  2  32  7  7  2  2 1471 
 1  0  8  3  3  2  2  1  1  1  1  64  28  28  2  2  32  14  14  2  2 2828 
 1  0  8  3  3  2  2  1  1  1  1  64  56  56  2  2  32  28  28  2  2 6418 
